#check data?
yes
#no symm, no orbitals from each symm for optimisation
5 5 5 5 5 5
#no.orb, energy value ,<1/r>, <r> 
5  3.826251276629  0.80608305  1.6294452
7  1.306906034046  0.29337785  4.6307327
9  0.6606195314632  0.15301429  9.1105021
11 0.3982138290847  0.093843507  15.089103
13 0.2660808312027  0.063393842  22.567209
5  3.304899962175  0.73246657  1.7731003
7  1.195109616828  0.27624960  4.9479020
9  0.6192035873000  0.14628032  9.6025282
11 0.3785219648724  0.090535408  15.755598
13 0.2552219781941  0.061531367  23.408803
7  1.177935385410  0.27130938  5.0213854
9  0.6128019774925  0.14440555  9.7039723
11 0.3754590464167  0.089627396  15.885094
13 0.2535244114600  0.061024176  23.566410
15 0.1826470646645  0.044220444  32.737601
4  6.688794462160  1.5517193  0.84569602
5  2.444446834327  0.58494850  2.1771181
7  0.9931666454581  0.24142812  5.7258515
9  0.5410120270794  0.13247358  10.758905
11 0.3403224489866  0.083688857  17.289891
4  6.609156172242  1.5306265  0.85524627
6  1.468059561651  0.35447878  3.7856446
7  0.9898400050321  0.24048696  5.7462719
8  0.7139492087843  0.17420062  8.0793332
10 0.4224012973668  0.10364094  13.868054
