Xenon
XE
9    33  30  30  28  28  25  25  23  23  20  20
      4   3   3   2   2   0   0   0   0    0   0
     -1   1  -2   2  -3   3  -4   4  -5    5   -6
     0.5  0.5  1.5  1.5  2.5  2.5  3.5  3.5  4.5 4.5 5.5
ET
0.00525  0.00825   0.00825  0.00725 0.00725 0.00225 0.00225 0.00925 0.00925   0.00525   0.00525
2.72       2.38        2.38     2.04    2.04    2.00   2.00    2.04    2.10    2.10        2.10  
8
50 7
0 1
1
131 54
-500   -500    -500    -300   -300   -100   -100    -50    -50   -50   -50
 1000    300    300     20    20     200      200     20     10     0     0
